Temperature (C)	Pressure (psia)	Density (l, kg/m3)	Volume (l, m3/kg)	Internal Energy (l, kJ/kg)	Enthalpy (l, kJ/kg)	Entropy (l, J/g*K)	Cv (l, J/g*K)	Cp (l, J/g*K)	Sound Spd. (l, m/s)	Joule-Thomson (l, F/psia)	Viscosity (l, uPa*s)	Therm. Cond. (l, W/m*K)	Surf. Tension (l, N/m)	Density (v, kg/m3)	Volume (v, m3/kg)	Internal Energy (v, kJ/kg)	Enthalpy (v, kJ/kg)	Entropy (v, J/g*K)	Cv (v, J/g*K)	Cp (v, J/g*K)	Sound Spd. (v, m/s)	Joule-Thomson (v, F/psia)	Viscosity (v, uPa*s)	Therm. Cond. (v, W/m*K)
-30.000	191.05	1037.7	0.00096362	103.27	104.54	0.48569	0.91238	1.9036	760.95	-0.00042770	undefined	undefined	0.010705	34.057	0.029362	360.52	399.20	1.6976	0.76703	1.1833	220.25	0.24456	undefined	undefined
-29.000	197.31	1033.9	0.00096720	105.13	106.44	0.49335	0.91208	1.9106	754.47	-0.00033165	undefined	undefined	0.010502	35.178	0.028427	360.71	399.38	1.6932	0.77044	1.1941	220.11	0.24198	undefined	undefined
-28.000	203.72	1030.0	0.00097083	107.00	108.36	0.50101	0.91179	1.9178	747.98	-0.00023281	undefined	undefined	0.010300	36.329	0.027526	360.89	399.56	1.6888	0.77386	1.2051	219.96	0.23945	undefined	undefined
-27.000	210.29	1026.2	0.00097451	108.87	110.28	0.50866	0.91151	1.9253	741.47	-0.00013107	undefined	undefined	0.010099	37.511	0.026659	361.06	399.71	1.6845	0.77730	1.2164	219.79	0.23698	undefined	undefined
-26.000	217.01	1022.2	0.00097825	110.75	112.21	0.51630	0.91125	1.9330	734.95	-2.6318e-05	undefined	undefined	0.0098982	38.725	0.025823	361.22	399.86	1.6802	0.78075	1.2281	219.62	0.23455	undefined	undefined
-25.000	223.88	1018.3	0.00098204	112.63	114.15	0.52393	0.91101	1.9409	728.43	8.1566e-05	undefined	undefined	0.0096987	39.971	0.025018	361.38	400.00	1.6758	0.78421	1.2400	219.44	0.23216	undefined	undefined
-24.000	230.91	1014.3	0.00098589	114.52	116.09	0.53156	0.91078	1.9491	721.88	0.00019271	undefined	undefined	0.0095000	41.252	0.024241	361.52	400.12	1.6715	0.78768	1.2522	219.24	0.22982	undefined	undefined
-23.000	238.10	1010.3	0.00098981	116.42	118.05	0.53918	0.91057	1.9575	715.33	0.00030725	undefined	undefined	0.0093021	42.566	0.023493	361.66	400.23	1.6672	0.79117	1.2648	219.03	0.22752	undefined	undefined
-22.000	245.45	1006.3	0.00099378	118.32	120.00	0.54679	0.91037	1.9663	708.76	0.00042533	undefined	undefined	0.0091052	43.917	0.022770	361.79	400.32	1.6629	0.79467	1.2778	218.82	0.22527	undefined	undefined
-21.000	252.97	1002.2	0.00099782	120.23	121.97	0.55440	0.91019	1.9753	702.18	0.00054710	undefined	undefined	0.0089091	45.303	0.022073	361.91	400.41	1.6586	0.79819	1.2911	218.59	0.22306	undefined	undefined
-20.000	260.65	998.07	0.0010019	122.15	123.95	0.56201	0.91003	1.9847	695.57	0.00067271	undefined	undefined	0.0087138	46.727	0.021401	362.01	400.47	1.6544	0.80173	1.3049	218.35	0.22089	undefined	undefined
-19.000	268.50	993.93	0.0010061	124.07	125.93	0.56962	0.90988	1.9943	688.96	0.00080234	undefined	undefined	0.0085195	48.190	0.020751	362.11	400.53	1.6501	0.80529	1.3190	218.10	0.21875	undefined	undefined
-18.000	276.52	989.75	0.0010104	125.99	127.92	0.57722	0.90975	2.0044	682.32	0.00093618	undefined	undefined	0.0083261	49.692	0.020124	362.20	400.57	1.6458	0.80886	1.3337	217.84	0.21666	undefined	undefined
-17.000	284.72	985.54	0.0010147	127.93	129.92	0.58482	0.90964	2.0147	675.67	0.0010744	undefined	undefined	0.0081336	51.235	0.019518	362.28	400.59	1.6415	0.81245	1.3487	217.57	0.21460	undefined	undefined
-16.000	293.09	981.29	0.0010191	129.87	131.93	0.59242	0.90954	2.0255	669.00	0.0012172	undefined	undefined	0.0079420	52.820	0.018932	362.34	400.60	1.6372	0.81607	1.3643	217.28	0.21258	undefined	undefined
-15.000	301.64	977.00	0.0010235	131.82	133.95	0.60002	0.90947	2.0367	662.30	0.0013648	undefined	undefined	0.0077514	54.448	0.018366	362.40	400.59	1.6329	0.81971	1.3804	216.99	0.21059	undefined	undefined
-14.000	310.37	972.67	0.0010281	133.78	135.98	0.60762	0.90941	2.0482	655.59	0.0015175	undefined	undefined	0.0075618	56.121	0.017819	362.44	400.57	1.6286	0.82337	1.3971	216.68	0.20864	undefined	undefined
-13.000	319.28	968.30	0.0010327	135.74	138.02	0.61523	0.90938	2.0603	648.85	0.0016755	undefined	undefined	0.0073731	57.840	0.017289	362.47	400.53	1.6243	0.82705	1.4144	216.36	0.20672	undefined	undefined
-12.000	328.37	963.89	0.0010375	137.71	140.06	0.62284	0.90937	2.0728	642.09	0.0018390	undefined	undefined	0.0071855	59.607	0.016777	362.49	400.47	1.6200	0.83077	1.4323	216.03	0.20482	undefined	undefined
-11.000	337.66	959.44	0.0010423	139.70	142.12	0.63045	0.90937	2.0858	635.30	0.0020083	undefined	undefined	0.0069988	61.422	0.016281	362.50	400.40	1.6157	0.83450	1.4509	215.69	0.20296	undefined	undefined
-10.000	347.13	954.93	0.0010472	141.68	144.19	0.63807	0.90940	2.0993	628.49	0.0021838	undefined	undefined	0.0068131	63.288	0.015801	362.49	400.31	1.6113	0.83827	1.4702	215.33	0.20113	undefined	undefined
-9.0000	356.79	950.39	0.0010522	143.68	146.27	0.64569	0.90945	2.1134	621.65	0.0023657	undefined	undefined	0.0066285	65.207	0.015336	362.47	400.20	1.6070	0.84207	1.4903	214.96	0.19933	undefined	undefined
-8.0000	366.65	945.79	0.0010573	145.69	148.36	0.65333	0.90953	2.1281	614.77	0.0025545	undefined	undefined	0.0064450	67.180	0.014885	362.44	400.07	1.6026	0.84590	1.5112	214.59	0.19755	undefined	undefined
-7.0000	376.71	941.15	0.0010625	147.71	150.47	0.66097	0.90963	2.1434	607.87	0.0027504	undefined	undefined	0.0062625	69.209	0.014449	362.39	399.92	1.5982	0.84977	1.5329	214.19	0.19580	undefined	undefined
-6.0000	386.96	936.45	0.0010679	149.74	152.58	0.66863	0.90976	2.1594	600.94	0.0029539	undefined	undefined	0.0060811	71.296	0.014026	362.32	399.75	1.5938	0.85367	1.5556	213.79	0.19407	undefined	undefined
-5.0000	397.42	931.70	0.0010733	151.77	154.71	0.67629	0.90992	2.1761	593.97	0.0031655	undefined	undefined	0.0059008	73.443	0.013616	362.24	399.55	1.5894	0.85761	1.5794	213.37	0.19237	undefined	undefined
-4.0000	408.08	926.89	0.0010789	153.82	156.86	0.68397	0.91010	2.1937	586.96	0.0033855	undefined	undefined	0.0057217	75.653	0.013218	362.15	399.34	1.5849	0.86159	1.6042	212.94	0.19069	undefined	undefined
-3.0000	418.95	922.03	0.0010846	155.88	159.01	0.69167	0.91032	2.2120	579.91	0.0036145	undefined	undefined	0.0055437	77.928	0.012832	362.04	399.10	1.5804	0.86562	1.6301	212.50	0.18903	undefined	undefined
-2.0000	430.03	917.11	0.0010904	157.95	161.18	0.69938	0.91057	2.2313	572.83	0.0038531	undefined	undefined	0.0053668	80.271	0.012458	361.91	398.84	1.5759	0.86969	1.6574	212.04	0.18739	undefined	undefined
-1.0000	441.31	912.12	0.0010963	160.03	163.37	0.70711	0.91085	2.2515	565.70	0.0041019	undefined	undefined	0.0051912	82.684	0.012094	361.76	398.56	1.5713	0.87380	1.6859	211.57	0.18577	undefined	undefined
0.0000	452.82	907.07	0.0011025	162.13	165.57	0.71487	0.91117	2.2727	558.52	0.0043614	undefined	undefined	0.0050168	85.171	0.011741	361.59	398.25	1.5667	0.87797	1.7160	211.09	0.18416	undefined	undefined
1.0000	464.54	901.95	0.0011087	164.23	167.79	0.72264	0.91153	2.2951	551.30	0.0046325	undefined	undefined	0.0048436	87.734	0.011398	361.41	397.91	1.5621	0.88219	1.7477	210.59	0.18257	undefined	undefined
2.0000	476.49	896.75	0.0011151	166.36	170.02	0.73044	0.91192	2.3187	544.02	0.0049158	undefined	undefined	0.0046717	90.377	0.011065	361.20	397.55	1.5574	0.88647	1.7811	210.08	0.18100	undefined	undefined
3.0000	488.65	891.49	0.0011217	168.49	172.27	0.73827	0.91236	2.3437	536.69	0.0052123	undefined	undefined	0.0045011	93.103	0.010741	360.97	397.16	1.5526	0.89081	1.8163	209.55	0.17943	undefined	undefined
4.0000	501.04	886.14	0.0011285	170.64	174.54	0.74612	0.91285	2.3701	529.30	0.0055229	undefined	undefined	0.0043318	95.918	0.010426	360.72	396.73	1.5478	0.89522	1.8537	209.01	0.17788	undefined	undefined
5.0000	513.67	880.71	0.0011354	172.81	176.83	0.75401	0.91339	2.3981	521.85	0.0058486	undefined	undefined	0.0041639	98.824	0.010119	360.44	396.28	1.5430	0.89969	1.8933	208.45	0.17634	undefined	undefined
6.0000	526.52	875.20	0.0011426	174.99	179.14	0.76194	0.91398	2.4278	514.34	0.0061905	undefined	undefined	0.0039973	101.83	0.0098207	360.14	395.80	1.5381	0.90424	1.9355	207.88	0.17481	undefined	undefined
7.0000	539.61	869.59	0.0011500	177.19	181.47	0.76990	0.91463	2.4594	506.76	0.0065499	undefined	undefined	0.0038322	104.93	0.0095302	359.82	395.28	1.5331	0.90887	1.9803	207.30	0.17328	undefined	undefined
8.0000	552.94	863.89	0.0011576	179.41	183.82	0.77790	0.91534	2.4931	499.10	0.0069282	undefined	undefined	0.0036685	108.14	0.0092472	359.47	394.72	1.5280	0.91357	2.0282	206.70	0.17175	undefined	undefined
9.0000	566.51	858.08	0.0011654	181.65	186.20	0.78596	0.91611	2.5292	491.37	0.0073268	undefined	undefined	0.0035063	111.46	0.0089715	359.08	394.13	1.5229	0.91837	2.0795	206.08	0.17023	undefined	undefined
10.000	580.33	852.17	0.0011735	183.90	188.60	0.79406	0.91696	2.5678	483.56	0.0077477	undefined	undefined	0.0033457	114.91	0.0087026	358.67	393.49	1.5177	0.92327	2.1346	205.45	0.16871	undefined	undefined
11.000	594.39	846.14	0.0011818	186.18	191.03	0.80221	0.91789	2.6094	475.65	0.0081925	undefined	undefined	0.0031866	118.48	0.0084404	358.23	392.82	1.5124	0.92826	2.1938	204.80	0.16718	undefined	undefined
12.000	608.71	839.99	0.0011905	188.48	193.48	0.81042	0.91891	2.6542	467.66	0.0086636	undefined	undefined	0.0030292	122.18	0.0081845	357.75	392.10	1.5070	0.93337	2.2578	204.14	0.16565	undefined	undefined
13.000	623.28	833.71	0.0011995	190.81	195.97	0.81870	0.92001	2.7026	459.56	0.0091634	undefined	undefined	0.0028734	126.03	0.0079346	357.23	391.33	1.5014	0.93859	2.3270	203.46	0.16411	undefined	undefined
14.000	638.11	827.28	0.0012088	193.16	198.48	0.82705	0.92122	2.7552	451.35	0.0096946	undefined	undefined	0.0027194	130.03	0.0076905	356.68	390.51	1.4958	0.94394	2.4023	202.76	0.16256	undefined	undefined
15.000	653.21	820.71	0.0012185	195.54	201.03	0.83548	0.92255	2.8124	443.03	0.010260	undefined	undefined	0.0025671	134.20	0.0074517	356.08	389.64	1.4900	0.94943	2.4845	202.04	0.16099	undefined	undefined
16.000	668.57	813.97	0.0012285	197.96	203.62	0.84399	0.92400	2.8751	434.59	0.010864	undefined	undefined	0.0024167	138.54	0.0072182	355.44	388.71	1.4841	0.95507	2.5746	201.31	0.15940	undefined	undefined
17.000	684.21	807.06	0.0012391	200.40	206.25	0.85260	0.92559	2.9440	426.02	0.011511	undefined	undefined	0.0022682	143.07	0.0069895	354.75	387.72	1.4780	0.96087	2.6738	200.55	0.15779	undefined	undefined
18.000	700.13	799.96	0.0012501	202.88	208.91	0.86131	0.92733	3.0201	417.30	0.012204	undefined	undefined	0.0021216	147.81	0.0067654	354.00	386.66	1.4718	0.96685	2.7836	199.78	0.15615	undefined	undefined
19.000	716.32	792.65	0.0012616	205.40	211.63	0.87014	0.92925	3.1046	408.43	0.012950	undefined	undefined	0.0019771	152.78	0.0065456	353.20	385.53	1.4654	0.97302	2.9059	198.99	0.15448	undefined	undefined
20.000	732.80	785.10	0.0012737	207.96	214.40	0.87910	0.93136	3.1992	399.39	0.013755	undefined	undefined	0.0018348	157.99	0.0063297	352.34	384.32	1.4588	0.97940	3.0428	198.18	0.15276	undefined	undefined
21.000	749.58	777.31	0.0012865	210.57	217.22	0.88820	0.93369	3.3057	390.17	0.014626	undefined	undefined	0.0016947	163.47	0.0061175	351.41	383.02	1.4519	0.98601	3.1974	197.35	0.15100	undefined	undefined
22.000	766.65	769.23	0.0013000	213.23	220.10	0.89747	0.93627	3.4267	380.75	0.015574	undefined	undefined	0.0015570	169.25	0.0059085	350.40	381.63	1.4448	0.99288	3.3731	196.50	0.14918	undefined	undefined
23.000	784.03	760.84	0.0013143	215.95	223.05	0.90693	0.93913	3.5654	371.11	0.016609	undefined	undefined	0.0014217	175.36	0.0057025	349.31	380.14	1.4374	1.0000	3.5750	195.62	0.14729	undefined	undefined
24.000	801.72	752.09	0.0013296	218.73	226.08	0.91659	0.94233	3.7261	361.24	0.017743	undefined	undefined	0.0012891	181.85	0.0054990	348.13	378.52	1.4296	1.0075	3.8092	194.72	0.14532	undefined	undefined
25.000	819.72	742.93	0.0013460	221.59	229.20	0.92650	0.94591	3.9147	351.11	0.018994	undefined	undefined	0.0011592	188.77	0.0052976	346.83	376.77	1.4215	1.0154	4.0843	193.80	0.14326	undefined	undefined
26.000	838.06	733.31	0.0013637	224.53	232.41	0.93670	0.94995	4.1394	340.68	0.020382	undefined	undefined	0.0010322	196.17	0.0050976	345.42	374.87	1.4129	1.0236	4.4121	192.85	0.14108	undefined	undefined
27.000	856.72	723.14	0.0013829	227.58	235.75	0.94724	0.95452	4.4118	329.93	0.021932	undefined	undefined	0.00090841	204.14	0.0048986	343.86	372.80	1.4038	1.0323	4.8098	191.88	0.13877	undefined	undefined
28.000	875.73	712.31	0.0014039	230.74	239.22	0.95818	0.95975	4.7495	318.81	0.023677	undefined	undefined	0.00078799	212.79	0.0046995	342.14	370.51	1.3941	1.0416	5.3023	190.87	0.13629	undefined	undefined
29.000	895.10	700.70	0.0014271	234.05	242.86	0.96962	0.96580	5.1795	307.25	0.025662	undefined	undefined	0.00067127	222.24	0.0044996	340.21	367.98	1.3837	1.0515	5.9286	189.83	0.13361	undefined	undefined
30.000	914.83	688.11	0.0014533	237.54	246.71	0.98169	0.97286	5.7465	295.20	0.027946	undefined	undefined	0.00055860	232.70	0.0042974	338.04	365.14	1.3724	1.0622	6.7523	188.76	0.13067	undefined	undefined
31.000	934.95	674.25	0.0014831	241.26	250.82	0.99457	0.98126	6.5297	282.56	0.030613	undefined	undefined	0.00045046	244.44	0.0040910	335.55	361.92	1.3598	1.0738	7.8847	187.64	0.12740	undefined	undefined
32.000	955.47	658.69	0.0015182	245.29	255.29	1.0085	0.99148	7.6834	269.18	0.033788	undefined	undefined	0.00034745	257.89	0.0038776	332.64	358.19	1.3457	1.0865	9.5408	186.48	0.12369	undefined	undefined
33.000	976.41	640.69	0.0015608	249.77	260.28	1.0241	1.0043	9.5537	254.85	0.037670	undefined	undefined	0.00025044	273.79	0.0036524	329.14	353.73	1.3294	1.1008	12.196	185.25	0.11936	undefined	undefined
34.000	997.82	618.82	0.0016160	254.96	266.08	1.0423	1.0213	13.105	239.22	0.042617	undefined	undefined	0.00016072	293.55	0.0034066	324.72	348.16	1.3095	1.1172	17.145	183.95	0.11405	undefined	undefined
35.000	1019.7	589.52	0.0016963	261.53	273.45	1.0654	1.0461	22.343	221.50	0.049420	undefined	undefined	8.0567e-05	320.66	0.0031186	318.57	340.49	1.2830	1.1367	29.606	182.54	0.10695	undefined	undefined
