Temperature (C)	Pressure (psia)	Density (l, kg/m3)	Volume (l, m3/kg)	Internal Energy (l, kJ/kg)	Enthalpy (l, kJ/kg)	Entropy (l, J/g*K)	Cv (l, J/g*K)	Cp (l, J/g*K)	Sound Spd. (l, m/s)	Joule-Thomson (l, F/psia)	Viscosity (l, uPa*s)	Therm. Cond. (l, W/m*K)	Surf. Tension (l, N/m)	Density (v, kg/m3)	Volume (v, m3/kg)	Internal Energy (v, kJ/kg)	Enthalpy (v, kJ/kg)	Entropy (v, J/g*K)	Cv (v, J/g*K)	Cp (v, J/g*K)	Sound Spd. (v, m/s)	Joule-Thomson (v, F/psia)	Viscosity (v, uPa*s)	Therm. Cond. (v, W/m*K)
-75.566	30.000	1191.8	0.00083907	22.125	22.299	0.11625	0.94231	1.7331	1051.7	-0.0029461	undefined	undefined	0.020682	5.7942	0.17259	345.90	381.60	1.9347	0.62174	0.85985	216.86	0.43911	undefined	undefined
-69.758	40.000	1173.9	0.00085189	32.187	32.422	0.16645	0.93656	1.7434	1014.7	-0.0027614	undefined	undefined	0.019339	7.5830	0.13187	348.27	384.64	1.8982	0.63886	0.88905	218.28	0.40341	undefined	undefined
-64.978	50.000	1158.8	0.00086295	40.508	40.805	0.20691	0.93230	1.7538	984.32	-0.0025878	undefined	undefined	0.018248	9.3508	0.10694	350.13	387.00	1.8699	0.65339	0.91508	219.24	0.37691	undefined	undefined
-60.880	60.000	1145.7	0.00087284	47.677	48.038	0.24103	0.92898	1.7643	958.28	-0.0024218	undefined	undefined	0.017323	11.105	0.090050	351.66	388.91	1.8469	0.66610	0.93894	219.93	0.35611	undefined	undefined
-57.271	70.000	1133.9	0.00088189	54.020	54.446	0.27068	0.92630	1.7748	935.35	-0.0022611	undefined	undefined	0.016517	12.850	0.077818	352.95	390.50	1.8274	0.67745	0.96121	220.41	0.33917	undefined	undefined
-54.033	80.000	1123.2	0.00089030	59.740	60.231	0.29700	0.92406	1.7852	914.77	-0.0021041	undefined	undefined	0.015801	14.591	0.068537	354.05	391.86	1.8105	0.68776	0.98229	220.75	0.32499	undefined	undefined
-51.086	90.000	1113.3	0.00089820	64.970	65.527	0.32073	0.92217	1.7957	896.04	-0.0019499	undefined	undefined	0.015155	16.328	0.061243	355.02	393.02	1.7955	0.69723	1.0024	220.98	0.31288	undefined	undefined
-48.375	100.00	1104.1	0.00090571	69.804	70.428	0.34238	0.92055	1.8061	878.78	-0.0017977	undefined	undefined	0.014565	18.065	0.055354	355.87	394.04	1.7821	0.70600	1.0219	221.12	0.30237	undefined	undefined
-45.859	110.00	1095.4	0.00091288	74.310	75.002	0.36234	0.91915	1.8166	862.75	-0.0016467	undefined	undefined	0.014022	19.803	0.050496	356.63	394.93	1.7699	0.71419	1.0407	221.19	0.29312	undefined	undefined
-43.508	120.00	1087.2	0.00091978	78.539	79.300	0.38088	0.91792	1.8271	847.75	-0.0014967	undefined	undefined	0.013519	21.544	0.046417	357.31	395.71	1.7587	0.72189	1.0591	221.20	0.28490	undefined	undefined
-41.299	130.00	1079.4	0.00092644	82.533	83.364	0.39821	0.91683	1.8376	833.63	-0.0013471	undefined	undefined	0.013050	23.287	0.042942	357.91	396.40	1.7484	0.72917	1.0772	221.17	0.27752	undefined	undefined
-39.212	140.00	1071.9	0.00093290	86.322	87.223	0.41451	0.91587	1.8482	820.27	-0.0011976	undefined	undefined	0.012609	25.036	0.039943	358.46	397.01	1.7388	0.73608	1.0949	221.09	0.27086	undefined	undefined
-37.232	150.00	1064.7	0.00093919	89.932	90.904	0.42990	0.91502	1.8589	807.58	-0.0010480	undefined	undefined	0.012195	26.789	0.037329	358.95	397.56	1.7297	0.74267	1.1125	220.98	0.26479	undefined	undefined
-35.348	160.00	1057.8	0.00094533	93.384	94.427	0.44450	0.91426	1.8697	795.47	-0.00089803	undefined	undefined	0.011803	28.548	0.035028	359.40	398.04	1.7212	0.74897	1.1298	220.84	0.25923	undefined	undefined
-33.548	170.00	1051.2	0.00095134	96.695	97.810	0.45840	0.91358	1.8805	783.88	-0.00074745	undefined	undefined	0.011431	30.315	0.032987	359.80	398.46	1.7132	0.75502	1.1471	220.68	0.25412	undefined	undefined
-31.824	180.00	1044.7	0.00095723	99.880	101.07	0.47167	0.91298	1.8914	772.76	-0.00059608	undefined	undefined	0.011077	32.088	0.031164	360.16	398.84	1.7056	0.76084	1.1643	220.49	0.24939	undefined	undefined
-30.170	190.00	1038.4	0.00096302	102.95	104.21	0.48438	0.91244	1.9025	762.05	-0.00044375	undefined	undefined	0.010739	33.870	0.029525	360.49	399.17	1.6983	0.76645	1.1815	220.28	0.24500	undefined	undefined
-28.578	200.00	1032.3	0.00096872	105.92	107.25	0.49659	0.91195	1.9137	751.73	-0.00029029	undefined	undefined	0.010416	35.660	0.028043	360.79	399.46	1.6913	0.77189	1.1987	220.05	0.24091	undefined	undefined
-27.043	210.00	1026.3	0.00097435	108.79	110.20	0.50833	0.91153	1.9250	741.75	-0.00013555	undefined	undefined	0.010107	37.459	0.026696	361.05	399.71	1.6847	0.77715	1.2160	219.80	0.23708	undefined	undefined
-25.561	220.00	1020.5	0.00097990	111.58	113.06	0.51965	0.91114	1.9364	732.09	2.0606e-05	undefined	undefined	0.0098106	39.267	0.025466	361.29	399.92	1.6783	0.78226	1.2333	219.54	0.23349	undefined	undefined
-24.128	230.00	1014.8	0.00098540	114.28	115.85	0.53058	0.91081	1.9480	722.72	0.00017832	undefined	undefined	0.0095253	41.086	0.024339	361.51	400.10	1.6721	0.78724	1.2507	219.27	0.23012	undefined	undefined
-22.739	240.00	1009.2	0.00099084	116.92	118.56	0.54117	0.91051	1.9598	713.62	0.00033771	undefined	undefined	0.0092507	42.915	0.023302	361.70	400.25	1.6661	0.79208	1.2682	218.98	0.22693	undefined	undefined
-21.392	250.00	1003.8	0.00099623	119.48	121.20	0.55142	0.91026	1.9717	704.76	0.00049892	undefined	undefined	0.0089858	44.755	0.022344	361.86	400.37	1.6603	0.79681	1.2859	218.68	0.22392	undefined	undefined
-20.084	260.00	998.42	0.0010016	121.99	123.78	0.56138	0.91004	1.9839	696.13	0.00066206	undefined	undefined	0.0087301	46.607	0.021456	362.01	400.47	1.6547	0.80143	1.3037	218.37	0.22107	undefined	undefined
-18.811	270.00	993.15	0.0010069	124.43	126.30	0.57105	0.90985	1.9962	687.71	0.00082726	undefined	undefined	0.0084830	48.470	0.020631	362.13	400.54	1.6493	0.80596	1.3218	218.05	0.21836	undefined	undefined
-17.573	280.00	987.96	0.0010122	126.82	128.77	0.58046	0.90970	2.0087	679.48	0.00099464	undefined	undefined	0.0082438	50.346	0.019863	362.23	400.58	1.6440	0.81039	1.3400	217.72	0.21578	undefined	undefined
-16.367	290.00	982.85	0.0010174	129.16	131.19	0.58963	0.90958	2.0215	671.45	0.0011643	undefined	undefined	0.0080122	52.234	0.019145	362.32	400.60	1.6388	0.81474	1.3586	217.39	0.21332	undefined	undefined
-15.190	300.00	977.82	0.0010227	131.45	133.56	0.59858	0.90948	2.0345	663.58	0.0013364	undefined	undefined	0.0077876	54.136	0.018472	362.39	400.60	1.6337	0.81901	1.3773	217.04	0.21097	undefined	undefined
-14.042	310.00	972.85	0.0010279	133.70	135.89	0.60731	0.90942	2.0477	655.87	0.0015111	undefined	undefined	0.0075697	56.051	0.017841	362.44	400.57	1.6288	0.82322	1.3964	216.69	0.20872	undefined	undefined
-12.920	320.00	967.95	0.0010331	135.90	138.18	0.61584	0.90938	2.0613	648.31	0.0016884	undefined	undefined	0.0073580	57.980	0.017247	362.47	400.53	1.6240	0.82735	1.4158	216.33	0.20656	undefined	undefined
-11.823	330.00	963.11	0.0010383	138.06	140.43	0.62418	0.90937	2.0750	640.89	0.0018685	undefined	undefined	0.0071524	59.924	0.016688	362.49	400.46	1.6192	0.83142	1.4355	215.97	0.20449	undefined	undefined
-10.751	340.00	958.32	0.0010435	140.19	142.64	0.63235	0.90938	2.0891	633.61	0.0020515	undefined	undefined	0.0069524	61.883	0.016160	362.50	400.38	1.6146	0.83544	1.4556	215.60	0.20250	undefined	undefined
-9.7008	350.00	953.58	0.0010487	142.28	144.81	0.64035	0.90942	2.1034	626.44	0.0022375	undefined	undefined	0.0067578	63.857	0.015660	362.49	400.28	1.6100	0.83941	1.4761	215.22	0.20059	undefined	undefined
-8.6725	360.00	948.89	0.0010539	144.34	146.96	0.64819	0.90948	2.1181	619.40	0.0024268	undefined	undefined	0.0065683	65.847	0.015187	362.46	400.16	1.6056	0.84332	1.4970	214.84	0.19874	undefined	undefined
-7.6648	370.00	944.24	0.0010591	146.37	149.07	0.65589	0.90956	2.1331	612.46	0.0026193	undefined	undefined	0.0063837	67.853	0.014738	362.42	400.02	1.6011	0.84720	1.5184	214.46	0.19696	undefined	undefined
-6.6768	380.00	939.64	0.0010642	148.36	151.15	0.66345	0.90967	2.1485	605.63	0.0028153	undefined	undefined	0.0062037	69.877	0.014311	362.37	399.86	1.5968	0.85103	1.5402	214.06	0.19524	undefined	undefined
-5.7075	390.00	935.07	0.0010694	150.33	153.21	0.67087	0.90981	2.1642	598.90	0.0030149	undefined	undefined	0.0060282	71.918	0.013905	362.30	399.69	1.5925	0.85482	1.5625	213.67	0.19357	undefined	undefined
-4.7561	400.00	930.53	0.0010747	152.27	155.23	0.67817	0.90996	2.1803	592.26	0.0032183	undefined	undefined	0.0058570	73.976	0.013518	362.22	399.50	1.5883	0.85858	1.5853	213.27	0.19196	undefined	undefined
-3.8219	410.00	926.03	0.0010799	154.19	157.24	0.68534	0.91014	2.1969	585.71	0.0034256	undefined	undefined	0.0056899	76.054	0.013149	362.13	399.30	1.5841	0.86231	1.6087	212.86	0.19039	undefined	undefined
-2.9042	420.00	921.56	0.0010851	156.08	159.22	0.69241	0.91034	2.2138	579.24	0.0036370	undefined	undefined	0.0055267	78.150	0.012796	362.02	399.08	1.5800	0.86600	1.6327	212.45	0.18887	undefined	undefined
-2.0022	430.00	917.12	0.0010904	157.95	161.18	0.69937	0.91057	2.2312	572.84	0.0038526	undefined	undefined	0.0053672	80.266	0.012459	361.91	398.84	1.5759	0.86968	1.6573	212.04	0.18739	undefined	undefined
-1.1155	440.00	912.70	0.0010957	159.79	163.11	0.70622	0.91082	2.2491	566.52	0.0040726	undefined	undefined	0.0052114	82.402	0.012136	361.78	398.59	1.5718	0.87332	1.6826	211.62	0.18595	undefined	undefined
-0.24335	450.00	908.30	0.0011010	161.62	165.03	0.71298	0.91109	2.2675	560.27	0.0042972	undefined	undefined	0.0050591	84.559	0.011826	361.63	398.33	1.5678	0.87695	1.7085	211.20	0.18455	undefined	undefined
0.61474	460.00	903.93	0.0011063	163.42	166.93	0.71964	0.91138	2.2864	554.08	0.0045266	undefined	undefined	0.0049102	86.737	0.011529	361.48	398.05	1.5639	0.88056	1.7353	210.78	0.18318	undefined	undefined
1.4593	470.00	899.57	0.0011116	165.21	168.81	0.72622	0.91170	2.3058	547.96	0.0047610	undefined	undefined	0.0047645	88.938	0.011244	361.31	397.75	1.5599	0.88415	1.7628	210.35	0.18185	undefined	undefined
2.2908	480.00	895.23	0.0011170	166.98	170.67	0.73271	0.91205	2.3258	541.89	0.0050007	undefined	undefined	0.0046219	91.161	0.010970	361.13	397.44	1.5560	0.88773	1.7911	209.92	0.18054	undefined	undefined
3.1097	490.00	890.90	0.0011225	168.73	172.52	0.73913	0.91241	2.3465	535.88	0.0052457	undefined	undefined	0.0044825	93.408	0.010706	360.94	397.11	1.5521	0.89129	1.8203	209.49	0.17926	undefined	undefined
3.9164	500.00	886.59	0.0011279	170.46	174.35	0.74547	0.91281	2.3678	529.92	0.0054964	undefined	undefined	0.0043459	95.679	0.010452	360.74	396.77	1.5482	0.89485	1.8505	209.05	0.17801	undefined	undefined
4.7114	510.00	882.29	0.0011334	172.18	176.17	0.75173	0.91323	2.3898	524.01	0.0057530	undefined	undefined	0.0042122	97.975	0.010207	360.53	396.42	1.5444	0.89839	1.8817	208.62	0.17678	undefined	undefined
5.4950	520.00	877.99	0.0011390	173.89	177.97	0.75793	0.91367	2.4125	518.14	0.0060157	undefined	undefined	0.0040813	100.30	0.0099703	360.30	396.04	1.5406	0.90193	1.9139	208.17	0.17558	undefined	undefined
6.2676	530.00	873.70	0.0011446	175.58	179.76	0.76406	0.91415	2.4360	512.32	0.0062849	undefined	undefined	0.0039530	102.65	0.0097422	360.06	395.66	1.5367	0.90547	1.9472	207.73	0.17440	undefined	undefined
7.0295	540.00	869.42	0.0011502	177.26	181.54	0.77014	0.91465	2.4604	506.53	0.0065608	undefined	undefined	0.0038274	105.02	0.0095217	359.81	395.26	1.5329	0.90900	1.9817	207.28	0.17323	undefined	undefined
7.7810	550.00	865.14	0.0011559	178.92	183.30	0.77615	0.91518	2.4855	500.79	0.0068436	undefined	undefined	0.0037042	107.43	0.0093085	359.55	394.84	1.5291	0.91254	2.0175	206.83	0.17209	undefined	undefined
8.5225	560.00	860.87	0.0011616	180.57	185.06	0.78211	0.91573	2.5117	495.07	0.0071338	undefined	undefined	0.0035836	109.86	0.0091022	359.27	394.41	1.5254	0.91607	2.0546	206.38	0.17096	undefined	undefined
9.2543	570.00	856.59	0.0011674	182.22	186.81	0.78801	0.91632	2.5388	489.39	0.0074317	undefined	undefined	0.0034653	112.33	0.0089024	358.98	393.97	1.5216	0.91961	2.0932	205.92	0.16984	undefined	undefined
9.9767	580.00	852.31	0.0011733	183.85	188.54	0.79387	0.91694	2.5669	483.74	0.0077376	undefined	undefined	0.0033494	114.83	0.0087088	358.68	393.51	1.5178	0.92315	2.1332	205.47	0.16874	undefined	undefined
10.690	590.00	848.02	0.0011792	185.47	190.27	0.79967	0.91759	2.5962	478.11	0.0080518	undefined	undefined	0.0032358	117.36	0.0085211	358.37	393.03	1.5140	0.92670	2.1749	205.01	0.16766	undefined	undefined
11.394	600.00	843.73	0.0011852	187.09	191.99	0.80544	0.91828	2.6266	472.51	0.0083749	undefined	undefined	0.0031244	119.92	0.0083388	358.04	392.54	1.5102	0.93026	2.2184	204.54	0.16658	undefined	undefined
12.089	610.00	839.43	0.0011913	188.69	193.70	0.81116	0.91900	2.6583	466.94	0.0087071	undefined	undefined	0.0030152	122.52	0.0081619	357.70	392.03	1.5065	0.93383	2.2637	204.08	0.16551	undefined	undefined
12.776	620.00	835.12	0.0011974	190.29	195.41	0.81685	0.91976	2.6914	461.38	0.0090491	undefined	undefined	0.0029081	125.16	0.0079900	357.35	391.50	1.5027	0.93741	2.3111	203.61	0.16446	undefined	undefined
13.455	630.00	830.80	0.0012037	191.88	197.11	0.82249	0.92055	2.7260	455.84	0.0094012	undefined	undefined	0.0028031	127.83	0.0078228	356.98	390.96	1.4989	0.94101	2.3605	203.14	0.16340	undefined	undefined
14.126	640.00	826.46	0.0012100	193.46	198.80	0.82811	0.92139	2.7621	450.31	0.0097639	undefined	undefined	0.0027001	130.55	0.0076601	356.60	390.40	1.4951	0.94463	2.4123	202.67	0.16236	undefined	undefined
14.789	650.00	822.11	0.0012164	195.04	200.49	0.83369	0.92226	2.7999	444.80	0.010138	undefined	undefined	0.0025991	133.30	0.0075017	356.21	389.83	1.4913	0.94826	2.4666	202.19	0.16132	undefined	undefined
15.444	660.00	817.74	0.0012229	196.61	202.18	0.83925	0.92318	2.8396	439.30	0.010524	undefined	undefined	0.0025001	136.10	0.0073474	355.80	389.23	1.4874	0.95192	2.5235	201.72	0.16029	undefined	undefined
16.092	670.00	813.35	0.0012295	198.18	203.86	0.84478	0.92414	2.8812	433.81	0.010922	undefined	undefined	0.0024029	138.95	0.0071970	355.37	388.62	1.4836	0.95560	2.5833	201.24	0.15926	undefined	undefined
16.732	680.00	808.93	0.0012362	199.74	205.54	0.85029	0.92515	2.9249	428.32	0.011333	undefined	undefined	0.0023077	141.84	0.0070502	354.94	387.99	1.4797	0.95930	2.6463	200.76	0.15823	undefined	undefined
17.366	690.00	804.49	0.0012430	201.30	207.22	0.85577	0.92621	2.9709	422.84	0.011758	undefined	undefined	0.0022143	144.78	0.0069070	354.48	387.34	1.4758	0.96304	2.7127	200.27	0.15720	undefined	undefined
17.992	700.00	800.01	0.0012500	202.86	208.89	0.86124	0.92732	3.0194	417.37	0.012198	undefined	undefined	0.0021228	147.77	0.0067671	354.01	386.67	1.4719	0.96680	2.7827	199.79	0.15617	undefined	undefined
18.612	710.00	795.51	0.0012571	204.42	210.57	0.86670	0.92848	3.0707	411.89	0.012653	undefined	undefined	0.0020330	150.82	0.0066304	353.52	385.98	1.4679	0.97060	2.8568	199.30	0.15513	undefined	undefined
19.225	720.00	790.97	0.0012643	205.97	212.25	0.87214	0.92970	3.1249	406.41	0.013125	undefined	undefined	0.0019450	153.92	0.0064967	353.01	385.27	1.4639	0.97443	2.9353	198.81	0.15410	undefined	undefined
19.831	730.00	786.40	0.0012716	207.52	213.92	0.87758	0.93099	3.1824	400.93	0.013614	undefined	undefined	0.0018587	157.09	0.0063659	352.49	384.53	1.4599	0.97830	3.0185	198.32	0.15306	undefined	undefined
20.431	740.00	781.78	0.0012791	209.08	215.60	0.88301	0.93233	3.2435	395.43	0.014122	undefined	undefined	0.0017741	160.31	0.0062378	351.95	383.77	1.4558	0.98222	3.1071	197.83	0.15201	undefined	undefined
21.025	750.00	777.11	0.0012868	210.63	217.29	0.88843	0.93375	3.3085	389.93	0.014649	undefined	undefined	0.0016913	163.61	0.0061122	351.38	382.99	1.4517	0.98618	3.2014	197.33	0.15095	undefined	undefined
21.612	760.00	772.40	0.0012947	212.19	218.97	0.89386	0.93524	3.3779	384.42	0.015197	undefined	undefined	0.0016101	166.97	0.0059891	350.80	382.18	1.4476	0.99018	3.3022	196.83	0.14989	undefined	undefined
22.194	770.00	767.63	0.0013027	213.75	220.67	0.89929	0.93680	3.4521	378.90	0.015768	undefined	undefined	0.0015305	170.41	0.0058684	350.20	381.35	1.4434	0.99425	3.4101	196.33	0.14882	undefined	undefined
22.770	780.00	762.80	0.0013110	215.31	222.37	0.90473	0.93845	3.5317	373.35	0.016362	undefined	undefined	0.0014527	173.92	0.0057498	349.57	380.49	1.4391	0.99836	3.5259	195.82	0.14773	undefined	undefined
23.339	790.00	757.91	0.0013194	216.88	224.07	0.91018	0.94018	3.6172	367.79	0.016982	undefined	undefined	0.0013764	177.52	0.0056332	348.92	379.60	1.4348	1.0025	3.6505	195.32	0.14663	undefined	undefined
23.904	800.00	752.95	0.0013281	218.46	225.78	0.91565	0.94201	3.7095	362.21	0.017629	undefined	undefined	0.0013017	181.21	0.0055186	348.24	378.68	1.4304	1.0068	3.7850	194.81	0.14551	undefined	undefined
24.462	810.00	747.91	0.0013371	220.04	227.51	0.92114	0.94393	3.8094	356.59	0.018306	undefined	undefined	0.0012287	184.99	0.0054057	347.54	377.73	1.4259	1.0111	3.9306	194.30	0.14438	undefined	undefined
25.015	820.00	742.79	0.0013463	221.63	229.24	0.92666	0.94597	3.9179	350.95	0.019014	undefined	undefined	0.0011572	188.87	0.0052945	346.81	376.75	1.4214	1.0155	4.0888	193.79	0.14322	undefined	undefined
25.563	830.00	737.58	0.0013558	223.23	230.99	0.93220	0.94812	4.0361	345.28	0.019757	undefined	undefined	0.0010873	192.87	0.0051849	346.05	375.72	1.4167	1.0199	4.2613	193.27	0.14205	undefined	undefined
26.105	840.00	732.27	0.0013656	224.85	232.76	0.93779	0.95040	4.1655	339.57	0.020536	undefined	undefined	0.0010191	196.98	0.0050767	345.26	374.66	1.4120	1.0245	4.4503	192.75	0.14084	undefined	undefined
26.642	850.00	726.85	0.0013758	226.48	234.54	0.94342	0.95282	4.3079	333.82	0.021356	undefined	undefined	0.00095236	201.22	0.0049698	344.44	373.56	1.4072	1.0291	4.6580	192.23	0.13961	undefined	undefined
27.174	860.00	721.31	0.0013864	228.12	236.34	0.94911	0.95538	4.4652	328.03	0.022220	undefined	undefined	0.00088724	205.59	0.0048640	343.57	372.41	1.4022	1.0339	4.8877	191.70	0.13835	undefined	undefined
27.700	870.00	715.63	0.0013974	229.78	238.16	0.95486	0.95811	4.6401	322.18	0.023131	undefined	undefined	0.00082370	210.12	0.0047592	342.67	371.22	1.3971	1.0387	5.1428	191.17	0.13705	undefined	undefined
28.222	880.00	709.81	0.0014088	231.46	240.01	0.96067	0.96102	4.8357	316.28	0.024095	undefined	undefined	0.00076176	214.81	0.0046553	341.73	369.97	1.3919	1.0437	5.4280	190.64	0.13571	undefined	undefined
28.739	890.00	703.82	0.0014208	233.17	241.89	0.96658	0.96413	5.0561	310.32	0.025117	undefined	undefined	0.00070141	219.68	0.0045520	340.74	368.67	1.3865	1.0488	5.7490	190.11	0.13433	undefined	undefined
29.250	900.00	697.65	0.0014334	234.91	243.80	0.97258	0.96746	5.3062	304.29	0.026203	undefined	undefined	0.00064269	224.75	0.0044493	339.69	367.30	1.3810	1.0541	6.1129	189.57	0.13290	undefined	undefined